-800.011817979715
-800.011817979715
1014.7732265609914
-3664.851045113358
-4486.3242138140395
-211.69836857762607
-635.4271735543191
-5002.482963750658
1.0
562.2874503733101
-800.011817979715
-800.011817979715
1014.7732265609914
-3664.851045113358
-4486.3242138140395
-211.69836857762607
-635.4271735543191
-5002.482963750658
1.0
562.2874503733101
-5621.007366351831
3125.0240382152715
4938.886331582144
224.1537220358432
-4096.310491371867
-493.3817241376114
1103.5896185493934
-1513.7339331307826
1.0
5864.767869078263
-5621.007366351831
3125.0240382152715
4938.886331582144
224.1537220358432
-4096.310491371867
-493.3817241376114
1103.5896185493934
-1513.7339331307826
1.0
5864.767869078263
-8534.20300279658
1561.609108911879
6190.42173055604
32.04697413351869
-4949.440642491318
-369.5304996780201
914.6623465936843
-4638.664216697026
1.0
6450.839032212066
-7602.264231314304
4956.242279411928
5730.957946843887
-587.1839630711845
-4076.285302439438
-172.68065482837505
481.4906669918862
-2979.6382521391897
1.0
3833.888660166771
-4735.415967248414
3700.866220910294
5181.551249304638
2305.459807311288
-3148.866680574289
294.79307110189836
705.2968073368993
-4602.1729068031145
1.0
4705.893824629102
-4735.415967248414
3700.866220910294
5181.551249304638
2305.459807311288
-3148.866680574289
294.79307110189836
705.2968073368993
-4602.1729068031145
1.0
4705.893824629102
6450.839032212066
-7602.264231314304
4956.242279411928
5730.957946843887
-587.1839630711845
-4076.285302439438
-172.68065482837505
481.4906669918862
-2979.6382521391897
1.0
3833.888660166771-3960.041799061224
5878.218717171144
5082.951077200016
1041.1416172366667
-3602.7735266297695
450.78800480586483
408.49069051263245
-1297.4664711880791
1.0
7538.060210609735
-7602.264231314304
4956.242279411928
5730.957946843887
-587.1839630711845
-4076.285302439438
-172.68065482837505
481.4906669918862
-2979.6382521391897
1.0
3833.888660166771
-5357.141217222629
4726.110491328881
4426.113537266339
-1870.6351413362722
-2063.0128100134402
-224.76046653420656
-1714.2080326672358
1417.170885696501
1.0
7564.736817947902
6708.398647953559
1566.5605454239303
10600.742702403004
210.24454309016437
-4835.0217184390885
-206.61727413353788
349.9098387766428
-828.5183306533648
1.0
-3419.1969006646004
-5707.87648947679
3062.1661545788315
4085.151465476331
479.4697363106816
-4272.983113234672
-111.49066488962808
66.70308941537814
-4011.780904800366
1.0
3567.9339544932322
-6828.777548474118
1249.5558093377258
4103.804061427398
176.6729371417556
-2715.1479296432008
-254.43674292137675
211.9954776856908
-1104.1690860359017
1.0
4014.352306575979
-5042.005810488789
1287.770614876013
3865.208507431133
-508.15188095982114
-1003.4848056794776
-207.5606449701359
-1626.503395926098
-777.6480380899951
1.0
2818.3311912637196
-7149.533228536443
-758.5407384731527
4771.627682464585
33.19854147671549
-1200.9465835868193
-46.56414076017069
-2049.908018746893
-4524.099454374895
1.0
5258.741300630509
-4271.9574177208615
2978.586720749074
3873.0070100501407
155.7608424934216
-825.3384373510596
66.8389518490448
-445.1922025493425
3730.3745407293036
1.0
7450.9618913732675
-8091.2268372887365
147.17368595452922
3453.1946083978246
-698.4720686154187
-1891.6826406944135
-100.43895072438067
60.664069205303974
-1233.8521970731397
1.0
4785.460291676918
-2419.6168522688263
-1643.13880286751
3247.3775056711706
-375.07442364666684
-1739.3081932946911
34.44571214604872
221.8642827588494
-1085.522477022615
1.0
2430.7721102228634
3756.1155267966496
-234.6963575453978
4270.722567910349
-602.1846841257477
-1535.249868298901
-315.1291058664012
-143.56795703970522
-169.55448805777576
1.0
-1584.0501432192282
-6707.668801649303
-2591.5551356521323
6101.246834554844
-1645.2595442294632
-2662.8233254588185
-236.74766697163395
-859.0982701342753
-99.59922412052703
1.0
7758.119840803971
12486.036138265408
-136.91732498732506
12578.053791169365
39.32942752129725
-4695.097247385441
-376.6666124638476
540.0587506773528
-1103.826737681737
1.0
-5675.902007684241
-3785.130736141059
-1327.9006446575827
743.0343075519269
-259.28865674391545
-452.2608878922467
-169.81492871024102
-115.45352854136831
33.77159253550602
1.0
3394.477360181947
6021.56201710763
-1580.6920113925855
6698.102042217579
-762.3374500941854
-2132.215759231516
-17.606057266270852
137.17398060495873
-1160.6277483789797
1.0
-3235.860447551732
-5545.740867059076
-2744.075409883537
4837.308251266725
-1014.5941889916239
-1673.5394411198354
-123.80567431551322
-89.20837349559372
128.69796969313154
1.0
5568.623052288771
-15952.809286168898
427.41336828622656
11097.175541479957
-1234.557389858703
-977.8137580981154
-941.5687164289589
-843.4093054397013
3152.6231165622394
1.0
9819.979673116299
-16963.92112368544
245.50423841219447
12967.55199906317
-1115.744806692967
-1404.3212861758152
-663.9909360433695
-879.9993088488541
3955.0150656275114
1.0
8999.616657330087
-12633.832402094016
-4923.307860682579
9209.518890629193
-939.7157447739122
-330.575886697472
-750.3634235640989
-126.70801486443122
3327.534317328417
1.0
11729.194452080661
-10559.02107080183
-1629.4628287378582
6481.804373986284
-642.2445150252441
-3695.424252096528
-247.3076964533882
-360.9121222113563
-3915.9961849237393
1.0
5873.554361390112
-14475.798404086781
1.0
9504.549999218005
-563.1659697222956
-1196.1339841556462
-418.28709150627674
-709.8172432442434
4589.160287722489
1.0
9726.62794161352
-82961.9407361113
1.0
7330.1794564686015
2796.481141207842
-2056.675056885122
-5616.695655284033
-1599.3017749232743
4963.277793570782
1.0
60505.96902836701
-185921.75340828902
1.0
17376.777898992812
-15055.07464996235
2154.313213032801
-6692.966684384395
-15125.957003598782
43729.73965835385
1.0
100259.8834356487
-49044.71855616216
1.0
7596.637654916148
-1678.8118988931383
-1998.4281327539688
-95.33440539640469
-902.9818595636905
-1318.7942529823788
1.0
34703.74153553027
2434.11123618736
1.0
5345.73257509298
-964.7300909444255
-4004.33027844406
-432.54157777353015
-1811.121391280445
-257.74813805914937
1.0
-4598.809630743945
-22540.640509460834
1.0
4903.036299675705
-1732.9288197629699
-1754.9074856902305
257.6431067813073
-1094.5119763371345
715.7317378242499
1.0
15183.73508837125
-50794.04254563832
1.0
-276.81829638862513
-3810.6326283643334
-1517.396372139782
1099.6253421701836
-6308.092193822551
-401.53585341146345
1.0
35229.390062675855
-37636.31432692425
1.0
5452.882884139533
-493.52629208089274
-5958.326680433773
9.833374896797295
-604.574607851891
-2359.4525802394023
1.0
22188.85963638845
-3783.585627202889
1.0
4172.330388353838
-287.0343811697941
-2374.091376823363
-47.73291929435868
-77.63528334182263
-497.28438990965304
1.0
5351.467202039645
-3433.9233610119804
1.0
3063.370991354766
-1428.4913831059073
-2624.7061172602284
166.4918195157153
498.7721246161384
-5096.366154207095
1.0
1875.5788036768117
9530.474548254786
1.0
4721.967164817677
1097.1328427208937
-2083.4306455710844
-171.85316945147667
1081.2509634629373
-2265.361307787819
1.0
-5127.6048462589815
-62085.95861471165
1.0
17030.64663963749
-6185.403654758657
-4316.552208646754
98.69539739813968
-6466.672239377433
873.8362056394908
1.0
42938.0832264155
-5249970.934361273
1.0
-1061425.7381088508
602147.9256590457
549392.9462080925
-30132.700786876347
-432379.62159027223
1992326.9184250976
1.0
4009717.333272417
-11621421.21740886
1.0
696768.720015753
37701.951768685714
-33021.76555510532
162518.66843420226
-111708.26568504769
82874.45397518243
1.0
7370631.056199752
-5878908.201528173
1.0
-446414.27270893264
-176205.2061260923
18566.26773267683
-34005.49363070698
-156612.75563703792
-25918.290362815795
1.0
3733776.0312279444
-3628.2911016735356
1.0
336.3485735741839
-17.827315288493594
-88.51175642581916
-222.38779489939006
-67.07336939650831
29.556469836770475
1.0
2512.1051186833392
8.75145206173704
-367.8351933337185
1.0
336.1284416721211
-161.4625807135761
-267.62481520752664
-76.36907192161848
-221.47404251099317
-152.463426518534
1.0
455.7124952222257
-159.20885827942814
-7281.85492431707
1.0
1171.1415532763453
149.41502734004035
-517.7877113140332
-114.13536855190968
75.96732334564469
95.79137717404376
1.0
4782.872614565054
115.38479600094945
-9312.70668408019
1.0
3104.5108566473423
-34.67229121881638
-724.2562264126702
-134.6375165240485
-67.36615061174987
-86.3321018578473
1.0
6690.691825606841
-37.90705425324782
-3423.042414367987
1.0
730.6007578598048
-169.906070307071
-46.417769443217296
-42.56338299585126
-219.24611535424074
248.5196921538867
1.0
1920.7243771585938
138.54250637306154
-2677.5482733044637
1.0
303.4897513001373
51.689882512659715
-108.97144390532058
-261.088588588353
32.58992044708499
1.5540970966715388
1.0
1739.945103369125
120.766186370603
-3118.933802268669
1.0
493.9415079047536
25.752480560073757
-111.52578984732898
-124.15462577344451
8.188858113292024
-26.138768889222167
1.0
2083.3040251098487
109.81908804621592
-882.8362209144697
1.0
209.9208766698285
-76.04142939415085
-40.7302040366311
-0.6486468692633705
-94.59432647386623
-27.305281636161943
1.0
582.5219483788828
16.978506273696592
-3085.651054728599
1.0
790.2658501609162
-263.68498257983094
-21.72639499473754
-61.104936415589975
-226.74553472932195
-38.521888875466885
1.0
1456.9734922555222
409.78176663531724
-2431.4607422938802
1.0
429.46419620159685
-245.35943243146255
-225.93470846243127
-47.9581991171066
-214.09343329104325
-111.26820254574456
1.0
814.6466728974932
-32.98259714552801
-5141.8251963745815
1.0
120.70432435764855
-719.2921199782684
-248.07060530706582
-221.79648849766264
335.52577603350744
-930.306976967046
1.0
3670.4606687439427
-9.464061503391449
-4556.72121250125
-1448.1073735348207
1100.923806507666
-430.3191668598925
-8.107823513272338
-149.40274271074628
779.2632913855135
-360.71780086257036
1.0
2603.2904211387736
203.5546081243388
-4106.766781100873
-1155.9451483012633
91.91465491398982
-289.91677294420197
-4.6867900079646825
-222.3505247953459
240.38003895870435
-575.0242739606344
1.0
2842.4204378948584
13.902908912639585
49.71010236994101
-775.7262702777989
-4462.712181779431
-17.9207257303609
355.5926358484935
-347.16061967432665
-23.719021534419575
-171.10699474374303
244.0129822225096
-483.46357610157094
1.0
3033.1336166508017
25.994474072044135
-259.63670371749254
-175.40407803635998
-5449.943438198187
-1030.9301629139075
832.0307758544129
-676.0753726945188
-111.31922045074256
-783.6518411056527
826.3052570331565
-1321.98757701145
1.0
3466.451824394615
-13.851702304339952
213.3714190792631
-729.8468211240554
-4895.6577412511315
1.0
749.4797405636766
-484.4045881540534
-81.49311106318694
-225.14247211642942
294.61742730967404
-451.0083894354715
1.0
3269.536066762157
39.7113092128284
1.0
1.0
-1.9885136331255525e+62
-5.037282463637993e+62
1.26030761211778e+62
4.0627332095570176e+61
6.398281008448848e+61
-4.040509683229522e+61
2.1675594331053143e+62
-1.275079385233352e+62
1.0
1.1652812202058107e+61
-4.654865868197469e+62
-2.2263783081837933e+63
-1.7777813777751142e+63
